85 Skel 19
\x1F Bones
# 0.0 0.0 1.57 170.8 1 root 0 -1 0 0 0.0 0.0 
## 0.0 0.0 -1.57 0.0 2 Bone2 0 -1 0 0 0.0 0.0 
### 0.0 0.0 1.59 -3.0 1 Bone3 0 -1 0 0 0.0 0.0 
#### 0.0 0.0 0.0 50.0 1 Abs 0 0 0 0 0.0 0.0 
##### 0.0 0.0 0.0 -33.0 1 Bone4 0 -1 0 0 0.0 0.0 
###### 0.0 0.0 0.0 90.0 1 Absuber 0 0 0 0 0.0 0.0 
####### 0.0 0.0 0.0 -90.0 1 Bone5 0 -1 0 0 0.0 0.0 
######## 0.0 0.0 0.0 70.0 1 Chest 0 0 1 0 0.0 0.0 
######### 0.0 0.0 0.0 -20.0 3 Bone6 0 -1 0 0 0.0 0.0 
########## 0.0 0.0 0.0 20.0 1 Neck 0 0 -2 0 0.0 0.0 
########### 0.0 0.0 0.0 -10.0 1 Bone7 0 -1 0 0 0.0 0.0 
############ 0.0 0.0 0.0 50.0 1 Head 0 0 1 0 0.0 0.0 
############# 0.0 0.0 0.0 3.0 0 EndHead 0 -1 0 0 0.0 0.0 
########## 0.0 0.0 -1.3 20.0 1 Bone8 0 -1 0 0 0.0 0.0 
########### 0.0 0.0 4.6 -8.0 1 Bone9 0 -1 0 0 0.0 0.0 
############ 0.0 0.0 0.0 60.0 1 ArmR 0 0 2 0 0.0 0.0 
############# 0.0 0.0 0.0 -6.0 1 ElbowR 0 -1 0 0 0.0 0.0 
############## 0.0 0.0 0.0 50.0 1 ArmR2 0 0 0 0 0.0 0.0 
############### 0.0 0.0 0.0 -5.0 1 WristR 0 -1 0 0 0.0 0.0 
################ 0.0 0.0 0.0 30.0 1 HandR 0 0 0 0 0.0 0.0 
################# 0.0 0.0 0.0 3.0 0 EndArmR 0 -1 0 0 0.0 0.0 
########## 0.0 0.0 1.3 20.0 1 Bone10 0 -1 0 0 0.0 0.0 
########### 0.0 0.0 1.6 -7.0 1 Bone11 0 -1 0 0 0.0 0.0 
############ 0.0 0.0 0.0 60.0 1 ArmL 0 0 1 0 0.0 0.0 
############# 0.0 0.0 0.0 -3.1 1 ElbowL 0 -1 0 0 0.0 0.0 
############## 0.0 0.0 0.0 50.0 1 ArmL2 0 0 1 0 0.0 0.0 
############### 0.0 0.0 0.0 -4.0 1 WristL 0 -1 0 0 0.0 0.0 
################ 0.0 0.0 0.0 30.0 1 HandL 0 0 1 0 0.0 0.0 
################# 0.0 0.0 0.0 3.0 0 EndArmL 0 -1 0 0 0.0 0.0 
### 0.0 0.0 -1.61 -15.2 2 Bone12 0 -1 0 0 0.0 0.0 
#### 0.0 0.0 0.0 50.0 1 Hip 0 0 0 0 0.0 0.0 
##### 0.0 0.0 2.5 27.0 1 Bone13 0 -1 0 0 0.0 0.0 
###### 0.0 0.0 3.9 0.2 1 Bone14 0 -1 0 0 0.0 0.0 
####### 0.0 0.0 0.0 90.0 1 LegR 0 0 2 0 0.0 0.0 
######## 0.0 0.0 0.0 -11.0 1 KneeR 0 -1 0 0 0.0 0.0 
######### 0.0 0.0 0.0 70.0 1 LegR2 0 0 0 0 0.0 0.0 
########## 0.0 0.0 0.0 -10.0 1 AnkleR 0 -1 0 0 0.0 0.0 
########### 0.0 0.0 0.0 50.0 1 FootR 0 0 0 0 0.0 0.0 
############ 0.0 0.0 0.0 3.0 0 EndLegR 0 -1 0 0 0.0 0.0 
#### 0.0 0.0 0.0 3.0 1 Bone15 0 -1 0 0 0.0 0.0 
##### 0.0 0.0 0.0 47.0 1 Hip2 0 0 1 0 0.0 0.0 
###### 0.0 0.0 -2.4 26.4 1 Bone16 0 -1 0 0 0.0 0.0 
####### 0.0 0.0 2.4 -0.6 1 Bone17 0 -1 0 0 0.0 0.0 
######## 0.0 0.0 0.0 90.0 1 LegL 0 0 2 0 0.0 0.0 
######### 0.0 0.0 0.0 -8.0 1 KneeL 0 -1 0 0 0.0 0.0 
########## 0.0 0.0 0.0 70.0 1 LegL2 0 0 0 0 0.0 0.0 
########### 0.0 0.0 0.0 -10.0 1 AnkleL 0 -1 0 0 0.0 0.0 
############ 0.0 0.0 0.0 50.0 6 FootL 0 0 0 0 0.0 0.0 
############# 0.0 0.0 0.0 3.0 0 EndLegL 0 -1 0 0 0.0 0.0 
\x1F EndBones
\x1E Vertices
0 0.0  0.0 root 1.0
0 10.0 5.0 root 0.5 Bone2 0.5
0 10.0 -5.0 root 0.5 Bone2 0.5
0 10.0 5.0 Bone2 0.5 Bone3 0.5
0 10.0 -5.0 Bone2 0.5 Bone3 0.5
1 10.0 25.0 Bone3 0.5 Abs 0.5
0 10.0 -25.0 Bone3 0.5 Abs 0.5
0 10.0 25.0 Abs 0.5 Bone4 0.5
0 10.0 -25.0 Abs 0.5 Bone4 0.5
2 10.0 30.0 Bone4 0.5 Absuber 0.5
0 10.0 -30.0 Bone4 0.5 Absuber 0.5
0 10.0 30.0 Absuber 0.5 Bone5 0.5
0 10.0 -30.0 Absuber 0.5 Bone5 0.5
3 10.0 30.0 Bone5 0.5 Chest 0.5
0 10.0 -30.0 Bone5 0.5 Chest 0.5
0 10.0 30.0 Chest 0.5 Bone6 0.5
0 10.0 -30.0 Chest 0.5 Bone6 0.5
4 10.0 10.0 Bone6 0.5 Neck 0.5
0 10.0 -10.0 Bone6 0.5 Neck 0.5
0 10.0 10.0 Neck 0.5 Bone7 0.5
0 10.0 -10.0 Neck 0.5 Bone7 0.5
5 10.0 20.0 Bone7 0.5 Head 0.5
0 10.0 -20.0 Bone7 0.5 Head 0.5
0 10.0 20.0 Head 0.5 EndHead 0.5
0 10.0 -20.0 Head 0.5 EndHead 0.5 
0 10.0 0.0 EndHead 0.5 Bone9 0.5
0 10.0 0.0 EndHead 0.5 Bone9 0.5
6 10.0 35.0 Bone9 0.5 ArmR 0.5
0 10.0 -25.0 Bone9 0.5 ArmR 0.5
0 10.0 35.0 ArmR 0.5 ElbowR 0.5
0 10.0 -25.0 ArmR 0.5 ElbowR 0.5
7 10.0 30.0 ElbowR 0.5 ArmR2 0.5
0 10.0 -20.0 ElbowR 0.5 ArmR2 0.5
0 10.0 30.0 ArmR2 0.5 WristR 0.5
0 10.0 -20.0 ArmR2 0.5 WristR 0.5
8 10.0 20.0 WristR 0.5 HandR 0.5
0 10.0 -10.0 WristR 0.5 HandR 0.5
0 10.0 20.0 HandR 0.5 EndArmR 0.5
0 10.0 -10.0 HandR 0.5 EndArmR 0.5
9 10.0 25.0 Bone11 0.5 ArmL 0.5
0 10.0 -35.0 Bone11 0.5 ArmL 0.5
0 10.0 25.0 ArmL 0.5 ElbowL 0.5
0 10.0 -35.0 ArmL 0.5 ElbowL 0.5
10 10.0 20.0 ElbowL 0.5 ArmL2 0.5
0 10.0 -30.0 ElbowL 0.5 ArmL2 0.5
0 10.0 20.0 ArmL2 0.5 WristL 0.5
0 10.0 -30.0 ArmL2 0.5 WristL 0.5
11 10.0 10.0 WristL 0.5 HandL 0.5
0 10.0 -20.0 WristL 0.5 HandL 0.5
0 10.0 10.0 HandL 0.5 EndArmL 0.5
0 10.0 -20.0 HandL 0.5 EndArmL 0.5
12 10.0 25.0 Bone12 0.5 Hip 0.5
0 10.0 -25.0 Bone12 0.5 Hip 0.5
0 10.0  25.0 Hip 0.5 Bone13 0.5
0 10.0 -25.0 Hip 0.5 Bone13 0.5
0 10.0 0.0 Bone13 0.5 Bone14 0.5
0 10.0 0.0 Bone13 0.5 Bone14 0.5
13 10.0 30.0 Bone14 0.5 LegR 0.5
0 10.0 -30.0 Bone14 0.5 LegR 0.5
0 10.0  30.0 LegR 0.5 KneeR 0.5
0 10.0 -30.0 LegR 0.5 KneeR 0.5
14 10.0 30.0 KneeR 0.5 LegR2 0.5
0 10.0 -30.0 KneeR 0.5 LegR2 0.5
0 10.0 30.0 LegR2 0.5 AnkleR 0.5
0 10.0 -30.0 LegR2 0.5 AnkleR 0.5
15 10.0 25.0 AnkleR 0.5 FootR 0.5
0 10.0 -25.0 AnkleR 0.5 FootR 0.5
0 10.0 25.0 FootR 0.5 EndLegR 0.5
0 10.0 -25.0 FootR 0.5 EndLegR 0.5 
16 10.0 25.0 Bone15 0.5 Hip2 0.5
0 10.0 -25.0 Bone15 0.5 Hip2 0.5
0 10.0 25.0 Hip2 0.5 Bone16 0.5
0 10.0 -25.0 Hip2 0.5 Bone16 0.5
17 10.0 30.0 Bone17 0.5 LegL 0.5
0 10.0 -30.0 Bone17 0.5 LegL 0.5
0 10.0 30.0 LegL 0.5 KneeL 0.5
0 10.0 -30.0 LegL 0.5 KneeL 0.5
18 10.0 30.0 KneeL 0.5 LegL2 0.5
0 10.0 -30.0 KneeL 0.5 LegL2 0.5
0 10.0 30.0 LegL2 0.5 AnkleL 0.5
0 10.0 -30.0 LegL2 0.5 AnkleL 0.5
19 10.0 25.0 AnkleL 0.5 FootL 0.5
0 10.0 -25.0 AnkleL 0.5 FootL 0.5
0 10.0 25.0 FootL 0.5 EndLegL 0.5
0 10.0 -25.0 FootL 0.5 EndLegL 0.5 
\x1E EndVertices
